0   13088   11262   3668   1328   85   11262   3668   1
38172   13088   11262   3668   1328   85   11262   3668   1
76344   13087   11261   3667   1328   85   11261   3667   1
114516   13086   11260   3666   1328   85   11260   3666   1
152688   13083   11259   3665   1328   85   11259   3665   1
190859   13081   11256   3664   1328   85   11256   3664   1
229031   13077   11254   3662   1328   85   11254   3662   1
267203   13073   11251   3660   1328   85   11251   3660   1
305375   13068   11248   3658   1328   85   11248   3658   1
343547   13063   11244   3655   1328   85   11244   3655   1
381719   13057   11239   3652   1328   85   11239   3652   1
419891   13050   11235   3648   1328   85   11235   3648   1
458062   13043   11229   3645   1328   85   11229   3645   1
496234   13035   11224   3641   1328   85   11224   3641   1
534406   13026   11217   3637   1328   85   11217   3637   1
572578   13017   11211   3632   1328   85   11211   3632   1
610750   13007   11204   3627   1328   85   11204   3627   1
648922   12997   11196   3622   1328   85   11196   3622   1
687094   12986   11188   3616   1328   85   11188   3616   1
725266   12974   11180   3610   1328   85   11180   3610   1
763438   12962   11171   3604   1328   85   11171   3604   1
801609   12949   11161   3597   1328   85   11161   3597   1
839781   12935   11152   3591   1328   85   11152   3591   1
877953   12921   11141   3583   1328   85   11141   3583   1
916125   12906   11131   3576   1328   85   11131   3576   1
954297   12890   11119   3568   1328   85   11119   3568   1
992469   12874   11108   3560   1328   85   11108   3560   1
1030641   12857   11096   3551   1328   85   11096   3551   1
1068812   12840   11083   3543   1328   85   11083   3543   1
1106984   12822   11070   3534   1328   85   11070   3534   1
1145156   12803   11057   3524   1328   85   11057   3524   1
1183328   12784   11043   3514   1328   85   11043   3514   1
1221500   12764   11028   3504   1328   85   11028   3504   1
1221500   12166   10356   0   57823   0   10356   0   1
1292078   12129   10314   0   57823   0   10314   0   1
1362656   12090   10272   0   57823   0   10272   0   1
1433234   12050   10229   0   57823   0   10229   0   1
1503812   12008   10185   0   57823   0   10185   0   1
1574391   11963   10140   0   57823   0   10140   0   1
1644969   11917   10093   0   57823   0   10093   0   1
1715547   11869   10045   0   57823   0   10045   0   1
1786125   11819   9996   0   57823   0   9996   0   1
1856703   11767   9944   0   57823   0   9944   0   1
1927281   11713   9891   0   57823   0   9891   0   1
1997859   11657   9837   0   57823   0   9837   0   1
2068438   11598   9780   0   57823   0   9780   0   1
2139016   11537   9721   0   57823   0   9721   0   1
2209594   11474   9660   0   57823   0   9660   0   1
2280172   11409   9597   0   57823   0   9597   0   1
2350750   11342   9531   0   57823   0   9531   0   1
2421328   11272   9463   0   57823   0   9463   0   1
2491906   11199   9392   0   57823   0   9392   0   1
2562484   11124   9319   0   57823   0   9319   0   1
2633062   11047   9243   0   57823   0   9243   0   1
2703641   10967   9163   0   57823   0   9163   0   1
2774219   10884   9081   0   57823   0   9081   0   1
2844797   10799   8996   0   57823   0   8996   0   1
2915375   10711   8907   0   57823   0   8907   0   1
2985953   10620   8815   0   57823   0   8815   0   1
3056531   10526   8719   0   57823   0   8719   0   1
3127109   10430   8620   0   57823   0   8620   0   1
3197688   10331   8516   0   57823   0   8516   0   1
3268266   10228   8410   0   57823   0   8410   0   1
3338844   10123   8299   0   57823   0   8299   0   1
3409422   10015   8184   0   57823   0   8184   0   1
3480000   9903   8065   0   57823   0   8065   0   1
3480000   5566   13717   7265   57823   312   13717   7265   1
3517500   5548   13707   7265   57823   312   13707   7265   1
3555000   5529   13698   7265   57823   312   13698   7265   1
3592500   5510   13689   7266   57823   312   13689   7266   1
3630000   5491   13680   7266   57823   312   13680   7266   1
3630000   5491   13680   7266   57823   312   13680   7266   1
3666482   5473   13636   7249   57823   312   13636   7249   1
3702963   5455   13592   7233   57823   312   13592   7233   1
3739444   5437   13549   7216   57823   312   13549   7216   1
3775926   5419   13506   7200   57823   312   13506   7200   1
3812407   5401   13463   7183   57823   312   13463   7183   1
3848889   5383   13420   7167   57823   312   13420   7167   1
3885370   5364   13378   7151   57823   312   13378   7151   1
3921852   5346   13335   7134   57823   312   13335   7134   1
3958333   5328   13293   7118   57823   312   13293   7118   1
3994815   5310   13251   7102   57823   312   13251   7102   1
4031296   5292   13209   7086   57823   312   13209   7086   1
4067778   5273   13168   7070   57823   312   13168   7070   1
4104259   5255   13126   7053   57823   312   13126   7053   1
4140741   5237   13084   7037   57823   312   13084   7037   1
4177222   5219   13042   7021   57823   312   13042   7021   1
4213704   5200   13000   7004   57823   312   13000   7004   1
4250185   5182   12958   6988   57823   312   12958   6988   1
4286667   5163   12916   6971   57823   312   12916   6971   1
4323148   5145   12874   6955   57823   312   12874   6955   1
4359630   5126   12831   6938   57823   312   12831   6938   1
4396111   5108   12788   6921   57823   312   12788   6921   1
4432593   5089   12746   6904   57823   312   12746   6904   1
4469074   5071   12702   6887   57823   312   12702   6887   1
4505556   5052   12659   6870   57823   312   12659   6870   1
4542037   5033   12615   6853   57823   312   12615   6853   1
4578518   5014   12571   6835   57823   312   12571   6835   1
4615000   4995   12526   6818   57823   312   12526   6818   1
4651482   4976   12481   6800   57823   312   12481   6800   1
4687963   4957   12436   6782   57823   312   12436   6782   1
4724444   4938   12390   6764   57823   312   12390   6764   1
4760926   4919   12344   6745   57823   312   12344   6745   1
4797407   4899   12297   6727   57823   312   12297   6727   1
4833889   4880   12249   6708   57823   312   12249   6708   1
4870370   4860   12201   6689   57823   312   12201   6689   1
4906852   4841   12152   6669   57823   312   12152   6669   1
4943333   4821   12103   6650   57823   312   12103   6650   1
4979815   4801   12053   6630   57823   312   12053   6630   1
5016296   4781   12002   6610   57823   312   12002   6610   1
5052778   4761   11950   6589   57823   312   11950   6589   1
5089259   4741   11898   6569   57823   312   11898   6569   1
5125741   4720   11844   6548   57823   312   11844   6548   1
5162222   4700   11790   6526   57823   312   11790   6526   1
5198704   4679   11736   6504   57823   312   11736   6504   1
5235185   4658   11680   6482   57823   312   11680   6482   1
5271667   4638   11623   6460   57823   312   11623   6460   1
5308148   4617   11565   6437   57823   312   11565   6437   1
5344630   4595   11507   6414   57823   312   11507   6414   1
5381111   4574   11447   6390   57823   312   11447   6390   1
5417593   4553   11386   6366   57823   312   11386   6366   1
5454074   4531   11324   6342   57823   312   11324   6342   1
5490556   4509   11261   6317   57823   312   11261   6317   1
5527037   4488   11197   6292   57823   312   11197   6292   1
5563518   4465   11132   6266   57823   312   11132   6266   1
5600000   4443   11066   6240   57823   312   11066   6240   1
5600000   4443   11066   6241   57823   312   11066   6241   1
5633667   4423   10961   6142   57823   312   10961   6142   1
5667333   4402   10856   6044   57823   312   10856   6044   1
5701000   4381   10751   5945   57823   312   10751   5945   1
5701000   3992   10266   5570   57823   143   10266   5570   1
5771000   3976   10158   5516   57823   143   10158   5516   1
5771000   3976   10158   5516   57823   143   10157   5516   1
5804333   3934   9987   5419   57823   143   9987   5419   1
5837667   3892   9817   5321   57823   143   9816   5321   1
5871000   3850   9646   5224   57823   143   9645   5224   1
5904333   3808   9475   5127   57823   143   9475   5127   1
5937667   3766   9305   5030   57823   143   9304   5030   1
5971000   3724   9134   4932   57823   143   9134   4932   1
5971000   3543   8905   4770   57823   143   8905   4770   1
5993500   3530   8862   4754   57823   143   8862   4754   1
6016000   3516   8819   4738   57823   143   8819   4738   1
6038500   3503   8775   4723   57823   143   8775   4723   1
6061000   3490   8732   4707   57823   143   8732   4707   1
6083500   3476   8689   4691   57823   143   8689   4691   1
6106000   3463   8646   4675   57823   143   8646   4675   1
6128500   3449   8602   4660   57823   143   8602   4660   1
6151000   3436   8559   4644   57823   143   8559   4644   1
6151000   3359   7800   4441   57823   80   8049   4436   1
6179000   3363   7832   4435   57823   80   8069   4461   1
6207000   3366   7864   4428   57823   80   8089   4487   1
6235000   3369   7896   4422   57823   80   8109   4512   1
6263000   3372   7927   4415   57823   80   8130   4537   1
6291000   3375   7959   4409   57823   80   8150   4562   1
6291000   2900   6800   3500   57823   600   6800   3900   1
6293051   2900   6800   3500   57823   600   6800   3900   1
6295103   2900   6800   3500   57823   600   6800   3900   1
6297154   2900   6800   3500   57823   600   6800   3900   1
6299205   2900   6800   3500   57823   600   6800   3900   1
6301256   2900   6800   3500   57823   600   6800   3900   1
6303308   2900   6800   3500   57823   600   6800   3900   1
6305359   2900   6800   3500   57823   600   6800   3900   1
6307410   2900   6800   3500   57823   600   6800   3900   1
6309462   2900   6800   3500   57823   600   6800   3900   1
6311513   2900   6800   3500   57823   600   6800   3900   1
6313564   2900   6800   3500   57823   600   6800   3900   1
6315615   2900   6800   3500   57823   600   6800   3900   1
6317667   2900   6800   3500   57823   600   6800   3900   1
6319718   2900   6800   3500   57823   600   6800   3900   1
6321769   2900   6800   3500   57823   600   6800   3900   1
6323821   2900   6800   3500   57823   600   6800   3900   1
6325872   2900   6800   3500   57823   600   6800   3900   1
6327923   2900   6800   3500   57823   600   6800   3900   1
6329974   2900   6800   3500   57823   600   6800   3900   1
6332026   2900   6800   3500   57823   600   6800   3900   1
6334077   2900   6800   3500   57823   600   6800   3900   1
6336128   2900   6800   3500   57823   600   6800   3900   1
6338179   2900   6800   3500   57823   600   6800   3900   1
6340231   2900   6800   3500   57823   600   6800   3900   1
6342282   2900   6800   3500   57823   600   6800   3900   1
6344333   2900   6800   3500   57823   600   6800   3900   1
6346385   2900   6800   3500   57823   600   6800   3900   1
6348436   2900   6800   3500   57823   600   6800   3900   1
6350487   2900   6800   3500   57823   600   6800   3900   1
6352538   2900   6800   3500   57823   600   6800   3900   1
6354590   2900   6800   3500   57823   600   6800   3900   1
6356641   2600   5800   3500   57823   600   5800   3200   1
6356641   2600   5800   3605   57823   600   5800   3200   1
6358692   2600   5800   3605   57823   600   5800   3200   1
6360744   2600   5800   3605   57823   600   5800   3200   1
6362795   2600   5800   3605   57823   600   5800   3200   1
6364846   2600   5800   3605   57823   600   5800   3200   1
6366897   2600   5800   3605   57823   600   5800   3200   1
6368949   2600   5800   3605   57823   600   5800   3200   1
6371000   2600   5800   3605   57823   600   5800   3200   1
