Radius: 2700000 m, Amplitude: 0.01 %vs
1    1.0000   1
316   33   66
0.0   13088.5   11262.2   3667.8   1327.7   84.6   11262.2   3667.8   1.0
38172.0   13088.2   11262.0   3667.6   1327.7   84.6   11262.0   3667.6   1.0
76344.0   13087.2   11261.3   3667.2   1327.7   84.6   11261.3   3667.2   1.0
114516.0   13085.6   11260.1   3666.4   1327.7   84.6   11260.1   3666.4   1.0
152688.0   13083.4   11258.5   3665.2   1327.7   84.6   11258.5   3665.2   1.0
190859.0   13080.6   11256.5   3663.8   1327.7   84.6   11256.5   3663.8   1.0
229031.0   13077.1   11254.0   3662.1   1327.7   84.6   11254.0   3662.1   1.0
267203.0   13073.0   11251.0   3660.0   1327.7   84.6   11251.0   3660.0   1.0
305375.0   13068.2   11247.6   3657.6   1327.7   84.6   11247.6   3657.6   1.0
343547.0   13062.8   11243.7   3654.9   1327.7   84.6   11243.7   3654.9   1.0
381719.0   13056.8   11239.4   3651.8   1327.7   84.6   11239.4   3651.8   1.0
419891.0   13050.1   11234.6   3648.5   1327.7   84.6   11234.6   3648.5   1.0
458062.0   13042.8   11229.3   3644.8   1327.7   84.6   11229.3   3644.8   1.0
496234.0   13034.9   11223.6   3640.8   1327.7   84.6   11223.6   3640.8   1.0
534406.0   13026.3   11217.4   3636.5   1327.7   84.6   11217.4   3636.5   1.0
572578.0   13017.1   11210.8   3631.9   1327.7   84.6   11210.8   3631.9   1.0
610750.0   13007.3   11203.7   3626.9   1327.7   84.6   11203.7   3626.9   1.0
648922.0   12996.8   11196.2   3621.7   1327.7   84.6   11196.2   3621.7   1.0
687094.0   12985.7   11188.2   3616.1   1327.7   84.6   11188.2   3616.1   1.0
725266.0   12974.0   11179.7   3610.2   1327.7   84.6   11179.7   3610.2   1.0
763438.0   12961.6   11170.8   3603.9   1327.7   84.6   11170.8   3603.9   1.0
801609.0   12948.6   11161.5   3597.4   1327.7   84.6   11161.5   3597.4   1.0
839781.0   12934.9   11151.6   3590.5   1327.7   84.6   11151.6   3590.5   1.0
877953.0   12920.7   11141.4   3583.3   1327.7   84.6   11141.4   3583.3   1.0
916125.0   12905.8   11130.6   3575.8   1327.7   84.6   11130.6   3575.8   1.0
954297.0   12890.2   11119.4   3568.0   1327.7   84.6   11119.4   3568.0   1.0
992469.0   12874.0   11107.8   3559.9   1327.7   84.6   11107.8   3559.9   1.0
1030641.0   12857.2   11095.7   3551.4   1327.7   84.6   11095.7   3551.4   1.0
1068812.0   12839.8   11083.1   3542.6   1327.7   84.6   11083.1   3542.6   1.0
1106984.0   12821.7   11070.1   3533.5   1327.7   84.6   11070.1   3533.5   1.0
1145156.0   12803.0   11056.6   3524.1   1327.7   84.6   11056.6   3524.1   1.0
1183328.0   12783.6   11042.6   3514.4   1327.7   84.6   11042.6   3514.4   1.0
1221500.0   12763.6   11028.3   3504.3   1327.7   84.6   11028.3   3504.3   1.0
1221500.0   12166.3   10355.7   0.0   57823.0   0.0   10355.7   0.0   1.0
1292078.0   12129.3   10314.4   0.0   57823.0   0.0   10314.4   0.0   1.0
1362656.0   12090.5   10272.3   0.0   57823.0   0.0   10272.3   0.0   1.0
1433234.0   12049.9   10229.2   0.0   57823.0   0.0   10229.2   0.0   1.0
1503812.0   12007.5   10185.0   0.0   57823.0   0.0   10185.0   0.0   1.0
1574391.0   11963.3   10139.7   0.0   57823.0   0.0   10139.7   0.0   1.0
1644969.0   11917.2   10093.1   0.0   57823.0   0.0   10093.1   0.0   1.0
1715547.0   11869.1   10045.0   0.0   57823.0   0.0   10045.0   0.0   1.0
1786125.0   11819.1   9995.5   0.0   57823.0   0.0   9995.5   0.0   1.0
1856703.0   11767.0   9944.3   0.0   57823.0   0.0   9944.3   0.0   1.0
1927281.0   11712.8   9891.4   0.0   57823.0   0.0   9891.4   0.0   1.0
1997859.0   11656.5   9836.7   0.0   57823.0   0.0   9836.7   0.0   1.0
2068438.0   11598.0   9780.0   0.0   57823.0   0.0   9780.0   0.0   1.0
2139016.0   11537.4   9721.2   0.0   57823.0   0.0   9721.2   0.0   1.0
2209594.0   11474.4   9660.3   0.0   57823.0   0.0   9660.3   0.0   1.0
2280172.0   11409.2   9597.0   0.0   57823.0   0.0   9597.0   0.0   1.0
2350750.0   11341.6   9531.4   0.0   57823.0   0.0   9531.4   0.0   1.0
2421328.0   11271.6   9463.3   0.0   57823.0   0.0   9463.3   0.0   1.0
2491906.0   11199.1   9392.5   0.0   57823.0   0.0   9392.5   0.0   1.0
2562484.0   11124.2   9319.0   0.0   57823.0   0.0   9319.0   0.0   1.0
2633062.0   11046.8   9242.7   0.0   57823.0   0.0   9242.7   0.0   1.0
2703641.0   10966.7   9163.4   0.0   57823.0   0.0   9163.4   0.0   1.0
2774219.0   10884.1   9081.0   0.0   57823.0   0.0   9081.0   0.0   1.0
2844797.0   10798.8   8995.5   0.0   57823.0   0.0   8995.5   0.0   1.0
2915375.0   10710.7   8906.7   0.0   57823.0   0.0   8906.7   0.0   1.0
2985953.0   10619.9   8814.5   0.0   57823.0   0.0   8814.5   0.0   1.0
3056531.0   10526.3   8718.8   0.0   57823.0   0.0   8718.8   0.0   1.0
3127109.0   10429.9   8619.5   0.0   57823.0   0.0   8619.5   0.0   1.0
3197688.0   10330.6   8516.5   0.0   57823.0   0.0   8516.5   0.0   1.0
3268266.0   10228.3   8409.6   0.0   57823.0   0.0   8409.6   0.0   1.0
3338844.0   10123.1   8298.7   0.0   57823.0   0.0   8298.7   0.0   1.0
3409422.0   10014.8   8183.9   0.0   57823.0   0.0   8183.9   0.0   1.0
3480000.0   9903.4   8064.8   0.0   57823.0   0.0   8064.8   0.0   1.0
3480000.0   5566.5   13716.6   7264.6   57823.0   312.0   13716.6   7264.6   1.0
3491610.4   5560.6   13713.8   7264.8   57823.0   312.0   13713.8   7264.8   1.0
3503220.9   5554.8   13710.9   7264.9   57823.0   312.0   13710.9   7264.9   1.0
3514831.3   5549.0   13708.1   7265.0   57823.0   312.0   13708.1   7265.0   1.0
3526441.8   5543.2   13705.3   7265.1   57823.0   312.0   13705.3   7265.1   1.0
3538052.2   5537.4   13702.5   7265.2   57823.0   312.0   13702.5   7265.2   1.0
3549662.7   5531.6   13699.7   7265.3   57823.0   312.0   13699.7   7265.3   1.0
3561273.1   5525.8   13696.9   7265.4   57823.0   312.0   13696.9   7265.4   1.0
3572883.5   5520.0   13694.1   7265.5   57823.0   312.0   13694.1   7265.5   1.0
3584494.0   5514.2   13691.3   7265.6   57823.0   312.0   13691.3   7265.6   1.0
3596104.4   5508.4   13688.5   7265.7   57823.0   312.0   13688.5   7265.7   1.0
3607714.9   5502.6   13685.7   7265.8   57823.0   312.0   13685.7   7265.8   1.0
3619325.3   5496.8   13683.0   7265.9   57823.0   312.0   13683.0   7265.9   1.0
3630935.7   5491.0   13679.3   7265.5   57823.0   312.0   13679.3   7265.5   1.0
3642546.2   5485.2   13665.2   7260.2   57823.0   312.0   13665.2   7260.2   1.0
3654156.6   5479.4   13651.2   7254.9   57823.0   312.0   13651.2   7254.9   1.0
3665767.1   5473.6   13637.1   7249.6   57823.0   312.0   13637.1   7249.6   1.0
3677377.5   5467.9   13623.2   7244.3   57823.0   312.0   13623.2   7244.3   1.0
3688988.0   5462.1   13609.2   7239.0   57823.0   312.0   13609.2   7239.0   1.0
3700598.4   5456.3   13595.3   7233.7   57823.0   312.0   13595.3   7233.7   1.0
3712208.8   5450.5   13581.4   7228.4   57823.0   312.0   13581.4   7228.4   1.0
3723819.3   5444.7   13567.6   7223.2   57823.0   312.0   13567.6   7223.2   1.0
3735429.7   5439.0   13553.7   7217.9   57823.0   312.0   13553.7   7217.9   1.0
3747040.2   5433.2   13540.0   7212.7   57823.0   312.0   13540.0   7212.7   1.0
3758650.6   5427.4   13526.2   7207.5   57823.0   312.0   13526.2   7207.5   1.0
3770261.0   5421.6   13512.5   7202.2   57823.0   312.0   13512.5   7202.2   1.0
3781871.5   5415.9   13498.8   7197.0   57823.0   312.0   13498.8   7197.0   1.0
3793481.9   5410.1   13485.1   7191.8   57823.0   312.0   13485.1   7191.8   1.0
3805092.4   5404.3   13471.5   7186.6   57823.0   312.0   13471.5   7186.6   1.0
3816702.8   5398.5   13457.8   7181.4   57823.0   312.0   13457.8   7181.4   1.0
3828313.3   5392.8   13444.3   7176.2   57823.0   312.0   13444.3   7176.2   1.0
3839923.7   5387.0   13430.7   7171.0   57823.0   312.0   13430.7   7171.0   1.0
3851534.1   5381.2   13417.1   7165.8   57823.0   312.0   13417.1   7165.8   1.0
3863144.6   5375.4   13403.6   7160.6   57823.0   312.0   13403.6   7160.6   1.0
3874755.0   5369.7   13390.1   7155.4   57823.0   312.0   13390.1   7155.4   1.0
3886365.5   5363.9   13376.6   7150.3   57823.0   312.0   13376.6   7150.3   1.0
3897975.9   5358.1   13363.1   7145.1   57823.0   312.0   13363.1   7145.1   1.0
3909586.3   5352.3   13349.7   7139.9   57823.0   312.0   13349.7   7139.9   1.0
3921196.8   5346.5   13336.2   7134.7   57823.0   312.0   13336.2   7134.7   1.0
3932807.2   5340.8   13322.8   7129.6   57823.0   312.0   13322.8   7129.6   1.0
3944417.7   5335.0   13309.4   7124.4   57823.0   312.0   13309.4   7124.4   1.0
3956028.1   5329.2   13296.0   7119.2   57823.0   312.0   13296.0   7119.2   1.0
3967638.6   5323.4   13282.6   7114.1   57823.0   312.0   13282.6   7114.1   1.0
3979249.0   5317.6   13269.2   7108.9   57823.0   312.0   13269.2   7108.9   1.0
3990859.4   5311.8   13255.9   7103.8   57823.0   312.0   13255.9   7103.8   1.0
4002469.9   5306.0   13242.5   7098.6   57823.0   312.0   13242.5   7098.6   1.0
4014080.3   5300.2   13229.2   7093.4   57823.0   312.0   13229.2   7093.4   1.0
4025690.8   5294.4   13215.8   7088.3   57823.0   312.0   13215.8   7088.3   1.0
4037301.2   5288.7   13202.5   7083.1   57823.0   312.0   13202.5   7083.1   1.0
4048911.6   5282.9   13189.2   7077.9   57823.0   312.0   13189.2   7077.9   1.0
4060522.1   5277.1   13175.8   7072.8   57823.0   312.0   13175.8   7072.8   1.0
4072132.5   5271.3   13162.5   7067.6   57823.0   312.0   13162.5   7067.6   1.0
4083743.0   5265.4   13149.2   7062.4   57823.0   312.0   13149.2   7062.4   1.0
4095353.4   5259.6   13135.9   7057.3   57823.0   312.0   13135.9   7057.3   1.0
4106963.9   5253.8   13122.6   7052.1   57823.0   312.0   13122.6   7052.1   1.0
4118574.3   5248.0   13109.3   7046.9   57823.0   312.0   13109.3   7046.9   1.0
4130184.7   5242.2   13095.9   7041.7   57823.0   312.0   13095.9   7041.7   1.0
4141795.2   5236.4   13082.6   7036.5   57823.0   312.0   13082.6   7036.5   1.0
4153405.6   5230.6   13069.3   7031.4   57823.0   312.0   13069.3   7031.4   1.0
4165016.1   5224.7   13056.0   7026.2   57823.0   312.0   13056.0   7026.2   1.0
4176626.5   5218.9   13042.7   7021.0   57823.0   312.0   13042.7   7021.0   1.0
4188236.9   5213.1   13029.3   7015.8   57823.0   312.0   13029.3   7015.8   1.0
4199847.4   5207.2   13016.0   7010.5   57823.0   312.0   13016.0   7010.5   1.0
4211457.8   5201.4   13002.6   7005.3   57823.0   312.0   13002.6   7005.3   1.0
4223068.3   5195.5   12989.3   7000.1   57823.0   312.0   12989.3   7000.1   1.0
4234678.7   5189.7   12975.9   6994.9   57823.0   312.0   12975.9   6994.9   1.0
4246289.2   5183.8   12962.5   6989.6   57823.0   312.0   12962.5   6989.6   1.0
4257899.6   5178.0   12949.1   6984.4   57823.0   312.0   12949.1   6984.4   1.0
4269510.0   5172.1   12935.7   6979.1   57823.0   312.0   12935.7   6979.1   1.0
4281120.5   5166.3   12922.3   6973.9   57823.0   312.0   12922.3   6973.9   1.0
4292730.9   5160.4   12908.9   6968.6   57823.0   312.0   12908.9   6968.6   1.0
4304341.4   5154.5   12895.4   6963.3   57823.0   312.0   12895.4   6963.3   1.0
4315951.8   5148.6   12882.0   6958.1   57823.0   312.0   12882.0   6958.1   1.0
4327562.2   5142.8   12868.5   6952.8   57823.0   312.0   12868.5   6952.8   1.0
4339172.7   5136.9   12855.0   6947.5   57823.0   312.0   12855.0   6947.5   1.0
4350783.1   5131.0   12841.4   6942.1   57823.0   312.0   12841.4   6942.1   1.0
4362393.6   5125.1   12827.9   6936.8   57823.0   312.0   12827.9   6936.8   1.0
4374004.0   5119.2   12814.3   6931.5   57823.0   312.0   12814.3   6931.5   1.0
4385614.5   5113.3   12800.8   6926.1   57823.0   312.0   12800.8   6926.1   1.0
4397224.9   5107.4   12787.2   6920.8   57823.0   312.0   12787.2   6920.8   1.0
4408835.3   5101.4   12773.5   6915.4   57823.0   312.0   12773.5   6915.4   1.0
4420445.8   5095.5   12759.8   6910.0   57823.0   312.0   12759.8   6910.0   1.0
4432056.2   5089.6   12746.2   6904.7   57823.0   312.0   12746.2   6904.7   1.0
4443666.7   5083.6   12732.4   6899.2   57823.0   312.0   12732.4   6899.2   1.0
4455277.1   5077.7   12718.7   6893.8   57823.0   312.0   12718.7   6893.8   1.0
4466887.6   5071.7   12704.9   6888.4   57823.0   312.0   12704.9   6888.4   1.0
4478498.0   5065.8   12691.1   6882.9   57823.0   312.0   12691.1   6882.9   1.0
4490108.4   5059.8   12677.3   6877.5   57823.0   312.0   12677.3   6877.5   1.0
4501718.9   5053.8   12663.4   6872.0   57823.0   312.0   12663.4   6872.0   1.0
4513329.3   5047.9   12649.5   6866.5   57823.0   312.0   12649.5   6866.5   1.0
4524939.8   5041.9   12635.6   6861.0   57823.0   312.0   12635.6   6861.0   1.0
4536550.2   5035.9   12621.6   6855.5   57823.0   312.0   12621.6   6855.5   1.0
4548160.6   5029.9   12607.6   6850.0   57823.0   312.0   12607.6   6850.0   1.0
4559771.1   5023.9   12593.6   6844.4   57823.0   312.0   12593.6   6844.4   1.0
4571381.5   5017.9   12579.5   6838.8   57823.0   312.0   12579.5   6838.8   1.0
4582992.0   5011.9   12565.4   6833.3   57823.0   312.0   12565.4   6833.3   1.0
4594602.4   5005.8   12551.2   6827.7   57823.0   312.0   12551.2   6827.7   1.0
4606212.9   4999.8   12537.0   6822.0   57823.0   312.0   12537.0   6822.0   1.0
4617823.3   4993.7   12522.8   6816.4   57823.0   312.0   12522.8   6816.4   1.0
4629433.7   4987.7   12508.5   6810.8   57823.0   312.0   12508.5   6810.8   1.0
4641044.2   4981.6   12494.2   6805.1   57823.0   312.0   12494.2   6805.1   1.0
4652654.6   4975.6   12479.8   6799.4   57823.0   312.0   12479.8   6799.4   1.0
4664265.1   4969.5   12465.4   6793.7   57823.0   312.0   12465.4   6793.7   1.0
4675875.5   4963.4   12450.9   6788.0   57823.0   312.0   12450.9   6788.0   1.0
4687485.9   4957.3   12436.5   6782.2   57823.0   312.0   12436.5   6782.2   1.0
4699096.4   4951.2   12421.9   6776.4   57823.0   312.0   12421.9   6776.4   1.0
4710706.8   4945.1   12407.2   6770.6   57823.0   312.0   12407.2   6770.6   1.0
4722317.3   4939.0   12392.6   6764.9   57823.0   312.0   12392.6   6764.9   1.0
4733927.7   4932.9   12377.9   6759.0   57823.0   312.0   12377.9   6759.0   1.0
4745538.2   4926.7   12363.1   6753.1   57823.0   312.0   12363.1   6753.1   1.0
4757148.6   4920.6   12348.3   6747.3   57823.0   312.0   12348.3   6747.3   1.0
4768759.0   4914.5   12333.4   6741.4   57823.0   312.0   12333.4   6741.4   1.0
4780369.5   4908.3   12318.5   6735.5   57823.0   312.0   12318.5   6735.5   1.0
4791979.9   4902.1   12303.5   6729.5   57823.0   312.0   12303.5   6729.5   1.0
4803590.4   4895.9   12288.5   6723.6   57823.0   312.0   12288.5   6723.6   1.0
4815200.8   4889.7   12273.3   6717.6   57823.0   312.0   12273.3   6717.6   1.0
4826811.2   4883.6   12258.2   6711.6   57823.0   312.0   12258.2   6711.6   1.0
4838421.7   4877.3   12243.0   6705.5   57823.0   312.0   12243.0   6705.5   1.0
4850032.1   4871.1   12227.7   6699.4   57823.0   312.0   12227.7   6699.4   1.0
4861642.6   4864.9   12212.4   6693.4   57823.0   312.0   12212.4   6693.4   1.0
4873253.0   4858.7   12197.0   6687.3   57823.0   312.0   12197.0   6687.3   1.0
4884863.5   4852.4   12181.5   6681.1   57823.0   312.0   12181.5   6681.1   1.0
4896473.9   4846.1   12165.9   6675.0   57823.0   312.0   12165.9   6675.0   1.0
4908084.3   4839.9   12150.4   6668.8   57823.0   312.0   12150.4   6668.8   1.0
4919694.8   4833.6   12134.7   6662.6   57823.0   312.0   12134.7   6662.6   1.0
4931305.2   4827.3   12118.9   6656.3   57823.0   312.0   12118.9   6656.3   1.0
4942915.7   4821.0   12103.2   6650.1   57823.0   312.0   12103.2   6650.1   1.0
4954526.1   4814.7   12087.3   6643.8   57823.0   312.0   12087.3   6643.8   1.0
4966136.5   4808.4   12071.3   6637.4   57823.0   312.0   12071.3   6637.4   1.0
4977747.0   4802.0   12055.4   6631.1   57823.0   312.0   12055.4   6631.1   1.0
4989357.4   4795.7   12039.2   6624.7   57823.0   312.0   12039.2   6624.7   1.0
5000967.9   4789.3   12023.0   6618.3   57823.0   312.0   12023.0   6618.3   1.0
5012578.3   4783.0   12006.8   6611.9   57823.0   312.0   12006.8   6611.9   1.0
5024188.8   4776.6   11990.5   6605.4   57823.0   312.0   11990.5   6605.4   1.0
5035799.2   4770.2   11974.1   6598.9   57823.0   312.0   11974.1   6598.9   1.0
5047409.6   4763.8   11957.7   6592.4   57823.0   312.0   11957.7   6592.4   1.0
5059020.1   4757.4   11941.1   6585.8   57823.0   312.0   11941.1   6585.8   1.0
5070630.5   4750.9   11924.4   6579.2   57823.0   312.0   11924.4   6579.2   1.0
5082241.0   4744.5   11907.8   6572.6   57823.0   312.0   11907.8   6572.6   1.0
5093851.4   4738.0   11891.0   6566.0   57823.0   312.0   11891.0   6566.0   1.0
5105461.8   4731.6   11874.1   6559.3   57823.0   312.0   11874.1   6559.3   1.0
5117072.3   4725.1   11857.1   6552.5   57823.0   312.0   11857.1   6552.5   1.0
5128682.7   4718.6   11840.1   6545.8   57823.0   312.0   11840.1   6545.8   1.0
5140293.2   4712.1   11822.9   6539.0   57823.0   312.0   11822.9   6539.0   1.0
5151903.6   4705.6   11805.7   6532.2   57823.0   312.0   11805.7   6532.2   1.0
5163514.1   4699.1   11788.5   6525.4   57823.0   312.0   11788.5   6525.4   1.0
5175124.5   4692.5   11771.0   6518.5   57823.0   312.0   11771.0   6518.5   1.0
5186734.9   4686.0   11753.6   6511.5   57823.0   312.0   11753.6   6511.5   1.0
5198345.4   4679.4   11736.1   6504.6   57823.0   312.0   11736.1   6504.6   1.0
5209955.8   4672.8   11718.3   6497.6   57823.0   312.0   11718.3   6497.6   1.0
5221566.3   4666.2   11700.6   6490.6   57823.0   312.0   11700.6   6490.6   1.0
5233176.7   4659.6   11682.8   6483.6   57823.0   312.0   11682.8   6483.6   1.0
5244787.1   4653.0   11664.8   6476.4   57823.0   312.0   11664.8   6476.4   1.0
5256397.6   4646.4   11646.8   6469.3   57823.0   312.0   11646.8   6469.3   1.0
5268008.0   4639.7   11628.7   6462.2   57823.0   312.0   11628.7   6462.2   1.0
5279618.5   4633.0   11610.4   6455.0   57823.0   312.0   11610.4   6455.0   1.0
5291228.9   4626.4   11592.1   6447.7   57823.0   312.0   11592.1   6447.7   1.0
5302839.4   4619.7   11573.7   6440.4   57823.0   312.0   11573.7   6440.4   1.0
5314449.8   4613.0   11555.2   6433.1   57823.0   312.0   11555.2   6433.1   1.0
5326060.2   4606.2   11536.5   6425.8   57823.0   312.0   11536.5   6425.8   1.0
5337670.7   4599.5   11517.8   6418.4   57823.0   312.0   11517.8   6418.4   1.0
5349281.1   4592.8   11499.0   6411.0   57823.0   312.0   11499.0   6411.0   1.0
5360891.6   4586.0   11480.0   6403.5   57823.0   312.0   11480.0   6403.5   1.0
5372502.0   4579.2   11461.0   6396.0   57823.0   312.0   11461.0   6396.0   1.0
5384112.4   4572.4   11441.9   6388.4   57823.0   312.0   11441.9   6388.4   1.0
5395722.9   4565.6   11422.6   6380.8   57823.0   312.0   11422.6   6380.8   1.0
5407333.3   4558.8   11403.3   6373.2   57823.0   312.0   11403.3   6373.2   1.0
5418943.8   4552.0   11383.9   6365.6   57823.0   312.0   11383.9   6365.6   1.0
5430554.2   4545.1   11364.2   6357.8   57823.0   312.0   11364.2   6357.8   1.0
5442164.7   4538.2   11344.5   6350.1   57823.0   312.0   11344.5   6350.1   1.0
5453775.1   4531.3   11324.9   6342.3   57823.0   312.0   11324.9   6342.3   1.0
5465385.5   4524.4   11304.8   6334.4   57823.0   312.0   11304.8   6334.4   1.0
5476996.0   4517.5   11284.8   6326.5   57823.0   312.0   11284.8   6326.5   1.0
5488606.4   4510.6   11264.8   6318.7   57823.0   312.0   11264.8   6318.7   1.0
5500216.9   4503.6   11244.4   6310.7   57823.0   312.0   11244.4   6310.7   1.0
5511827.3   4496.6   11224.0   6302.6   57823.0   312.0   11224.0   6302.6   1.0
5523437.8   4489.7   11203.6   6294.6   57823.0   312.0   11203.6   6294.6   1.0
5535048.2   4482.7   11183.0   6286.5   57823.0   312.0   11183.0   6286.5   1.0
5546658.6   4475.6   11162.2   6278.3   57823.0   312.0   11162.2   6278.3   1.0
5558269.1   4468.6   11141.4   6270.2   57823.0   312.0   11141.4   6270.2   1.0
5569879.5   4461.6   11120.5   6262.0   57823.0   312.0   11120.5   6262.0   1.0
5581490.0   4454.5   11099.3   6253.7   57823.0   312.0   11099.3   6253.7   1.0
5593100.4   4447.4   11078.2   6245.4   57823.0   312.0   11078.2   6245.4   1.0
5604710.8   4440.3   11050.9   6226.6   57823.0   312.0   11050.9   6226.6   1.0
5616321.3   4433.2   11014.8   6192.7   57823.0   312.0   11014.8   6192.7   1.0
5627931.7   4426.1   10978.7   6158.8   57823.0   312.0   10978.7   6158.8   1.0
5639542.2   4418.9   10942.6   6124.9   57823.0   312.0   10942.6   6124.9   1.0
5651152.6   4411.7   10906.5   6090.9   57823.0   312.0   10906.5   6090.9   1.0
5662763.1   4404.5   10870.4   6056.9   57823.0   312.0   10870.4   6056.9   1.0
5674373.5   4397.3   10834.2   6023.0   57823.0   312.0   10834.2   6023.0   1.0
5685983.9   4390.1   10798.1   5989.0   57823.0   312.0   10798.1   5989.0   1.0
5697594.4   4382.9   10761.9   5955.1   57823.0   312.0   10761.9   5955.1   1.0
5709204.8   3990.2   10253.5   5563.9   57823.0   143.0   10253.5   5563.9   1.0
5720815.3   3987.5   10235.5   5554.9   57823.0   143.0   10235.5   5554.9   1.0
5732425.7   3984.8   10217.5   5545.9   57823.0   143.0   10217.5   5545.9   1.0
5744036.1   3982.1   10199.5   5536.9   57823.0   143.0   10199.5   5536.9   1.0
5755646.6   3979.4   10181.5   5527.9   57823.0   143.0   10181.5   5527.9   1.0
5767257.0   3976.7   10163.6   5518.9   57823.0   143.0   10163.6   5518.9   1.0
5778867.5   3965.9   10117.5   5493.0   57823.0   143.0   10117.1   5493.0   1.0
5790477.9   3951.3   10058.1   5459.1   57823.0   143.0   10057.7   5459.1   1.0
5802088.4   3936.6   9998.7   5425.2   57823.0   143.0   9998.3   5425.2   1.0
5813698.8   3922.0   9939.2   5391.4   57823.0   143.0   9938.8   5391.4   1.0
5825309.2   3907.4   9879.8   5357.5   57823.0   143.0   9879.4   5357.5   1.0
5836919.7   3892.7   9820.3   5323.6   57823.0   143.0   9819.9   5323.6   1.0
5848530.1   3878.1   9760.9   5289.8   57823.0   143.0   9760.5   5289.8   1.0
5860140.6   3863.5   9701.5   5255.9   57823.0   143.0   9701.1   5255.9   1.0
5871751.0   3848.8   9642.0   5222.0   57823.0   143.0   9641.6   5222.0   1.0
5883361.4   3834.2   9582.6   5188.1   57823.0   143.0   9582.2   5188.1   1.0
5894971.9   3819.6   9523.1   5154.3   57823.0   143.0   9522.7   5154.3   1.0
5906582.3   3804.9   9463.7   5120.4   57823.0   143.0   9463.3   5120.4   1.0
5918192.8   3790.3   9404.3   5086.5   57823.0   143.0   9403.9   5086.5   1.0
5929803.2   3775.7   9344.8   5052.7   57823.0   143.0   9344.4   5052.7   1.0
5941413.7   3761.0   9285.4   5018.8   57823.0   143.0   9285.0   5018.8   1.0
5953024.1   3746.4   9225.9   4984.9   57823.0   143.0   9225.5   4984.9   1.0
5964634.5   3731.8   9166.5   4951.1   57823.0   143.0   9166.1   4951.1   1.0
5976245.0   3540.1   8895.2   4766.2   57823.0   143.0   8895.2   4766.2   1.0
5987855.4   3533.2   8872.8   4758.1   57823.0   143.0   8872.8   4758.1   1.0
5999465.9   3526.3   8850.5   4750.0   57823.0   143.0   8850.5   4750.0   1.0
6011076.3   3519.3   8828.1   4741.8   57823.0   143.0   8828.1   4741.8   1.0
6022686.7   3512.4   8805.8   4733.7   57823.0   143.0   8805.8   4733.7   1.0
6034297.2   3505.5   8783.5   4725.6   57823.0   143.0   8783.5   4725.6   1.0
6045907.6   3498.5   8761.1   4717.5   57823.0   143.0   8761.1   4717.5   1.0
6057518.1   3491.6   8738.8   4709.3   57823.0   143.0   8738.8   4709.3   1.0
6069128.5   3484.7   8716.5   4701.2   57823.0   143.0   8716.5   4701.2   1.0
6080739.0   3477.7   8694.1   4693.1   57823.0   143.0   8694.1   4693.1   1.0
6092349.4   3470.8   8671.8   4685.0   57823.0   143.0   8671.8   4685.0   1.0
6103959.8   3463.9   8649.4   4676.8   57823.0   143.0   8649.4   4676.8   1.0
6115570.3   3456.9   8627.1   4668.7   57823.0   143.0   8627.1   4668.7   1.0
6127180.7   3450.0   8604.8   4660.6   57823.0   143.0   8604.8   4660.6   1.0
6138791.2   3443.1   8582.4   4652.4   57823.0   143.0   8582.4   4652.4   1.0
6150401.6   3436.1   8560.1   4644.3   57823.0   143.0   8560.1   4644.3   1.0
6162012.0   3360.7   7812.9   4438.5   57823.0   80.0   8056.5   4446.1   1.0
6173622.5   3361.9   7826.1   4435.9   57823.0   80.0   8065.0   4456.6   1.0
6185232.9   3363.2   7839.2   4433.2   57823.0   80.0   8073.4   4467.0   1.0
6196843.4   3364.5   7852.4   4430.5   57823.0   80.0   8081.8   4477.4   1.0
6208453.8   3365.7   7865.5   4427.8   57823.0   80.0   8090.2   4487.8   1.0
6220064.3   3367.0   7878.7   4425.2   57823.0   80.0   8098.6   4498.2   0.9
6231674.7   3368.3   7891.9   4422.5   57823.0   80.0   8107.0   4508.7   0.9
6243285.1   3369.5   7905.0   4419.8   57823.0   80.0   8115.4   4519.1   0.9
6254895.6   3370.8   7918.2   4417.1   57823.0   80.0   8123.9   4529.5   0.9
6266506.0   3372.0   7931.3   4414.5   57823.0   80.0   8132.3   4539.9   0.9
6278116.5   3373.3   7944.5   4411.8   57823.0   80.0   8140.7   4550.3   0.9
6289726.9   3374.6   7957.6   4409.1   57823.0   80.0   8149.1   4560.8   0.9
6301337.3   3375.8   7970.8   4406.5   57823.0   600.0   8157.5   4571.3   0.9
6312947.8   3377.1   7983.9   4403.8   57823.0   600.0   8165.9   4581.7   0.9
6324558.2   3378.4   7997.1   4401.1   57823.0   600.0   8174.3   4592.1   0.9
6336168.7   3379.6   8010.2   4398.4   57823.0   600.0   8182.8   4602.5   0.9
6347779.1   2900.0   6800.0   3900.0   57823.0   600.0   6800.0   3900.0   1.0
6359389.6   2600.0   5800.0   3200.0   57823.0   600.0   5800.0   3200.0   1.0
6371000.0   2600.0   5800.0   3200.0   57823.0   600.0   5800.0   3200.0   1.0
