Radius: 220 km, Amplitude: 13.8 %vs
1    1.0000   1
176   33   66
0.0   13088.5   11262.2   3667.8   1327.7   84.6   11262.2   3667.8   1.0
38172.0   13088.2   11262.0   3667.6   1327.7   84.6   11262.0   3667.6   1.0
76344.0   13087.2   11261.3   3667.2   1327.7   84.6   11261.3   3667.2   1.0
114516.0   13085.6   11260.1   3666.4   1327.7   84.6   11260.1   3666.4   1.0
152688.0   13083.4   11258.5   3665.2   1327.7   84.6   11258.5   3665.2   1.0
190859.0   13080.6   11256.5   3663.8   1327.7   84.6   11256.5   3663.8   1.0
229031.0   13077.1   11254.0   3662.1   1327.7   84.6   11254.0   3662.1   1.0
267203.0   13073.0   11251.0   3660.0   1327.7   84.6   11251.0   3660.0   1.0
305375.0   13068.2   11247.6   3657.6   1327.7   84.6   11247.6   3657.6   1.0
343547.0   13062.8   11243.7   3654.9   1327.7   84.6   11243.7   3654.9   1.0
381719.0   13056.8   11239.4   3651.8   1327.7   84.6   11239.4   3651.8   1.0
419891.0   13050.1   11234.6   3648.5   1327.7   84.6   11234.6   3648.5   1.0
458062.0   13042.8   11229.3   3644.8   1327.7   84.6   11229.3   3644.8   1.0
496234.0   13034.9   11223.6   3640.8   1327.7   84.6   11223.6   3640.8   1.0
534406.0   13026.3   11217.4   3636.5   1327.7   84.6   11217.4   3636.5   1.0
572578.0   13017.1   11210.8   3631.9   1327.7   84.6   11210.8   3631.9   1.0
610750.0   13007.3   11203.7   3626.9   1327.7   84.6   11203.7   3626.9   1.0
648922.0   12996.8   11196.2   3621.7   1327.7   84.6   11196.2   3621.7   1.0
687094.0   12985.7   11188.2   3616.1   1327.7   84.6   11188.2   3616.1   1.0
725266.0   12974.0   11179.7   3610.2   1327.7   84.6   11179.7   3610.2   1.0
763438.0   12961.6   11170.8   3603.9   1327.7   84.6   11170.8   3603.9   1.0
801609.0   12948.6   11161.5   3597.4   1327.7   84.6   11161.5   3597.4   1.0
839781.0   12934.9   11151.6   3590.5   1327.7   84.6   11151.6   3590.5   1.0
877953.0   12920.7   11141.4   3583.3   1327.7   84.6   11141.4   3583.3   1.0
916125.0   12905.8   11130.6   3575.8   1327.7   84.6   11130.6   3575.8   1.0
954297.0   12890.2   11119.4   3568.0   1327.7   84.6   11119.4   3568.0   1.0
992469.0   12874.0   11107.8   3559.9   1327.7   84.6   11107.8   3559.9   1.0
1030641.0   12857.2   11095.7   3551.4   1327.7   84.6   11095.7   3551.4   1.0
1068812.0   12839.8   11083.1   3542.6   1327.7   84.6   11083.1   3542.6   1.0
1106984.0   12821.7   11070.1   3533.5   1327.7   84.6   11070.1   3533.5   1.0
1145156.0   12803.0   11056.6   3524.1   1327.7   84.6   11056.6   3524.1   1.0
1183328.0   12783.6   11042.6   3514.4   1327.7   84.6   11042.6   3514.4   1.0
1221500.0   12763.6   11028.3   3504.3   1327.7   84.6   11028.3   3504.3   1.0
1221500.0   12166.3   10355.7   0.0   57823.0   0.0   10355.7   0.0   1.0
1292078.0   12129.3   10314.4   0.0   57823.0   0.0   10314.4   0.0   1.0
1362656.0   12090.5   10272.3   0.0   57823.0   0.0   10272.3   0.0   1.0
1433234.0   12049.9   10229.2   0.0   57823.0   0.0   10229.2   0.0   1.0
1503812.0   12007.5   10185.0   0.0   57823.0   0.0   10185.0   0.0   1.0
1574391.0   11963.3   10139.7   0.0   57823.0   0.0   10139.7   0.0   1.0
1644969.0   11917.2   10093.1   0.0   57823.0   0.0   10093.1   0.0   1.0
1715547.0   11869.1   10045.0   0.0   57823.0   0.0   10045.0   0.0   1.0
1786125.0   11819.1   9995.5   0.0   57823.0   0.0   9995.5   0.0   1.0
1856703.0   11767.0   9944.3   0.0   57823.0   0.0   9944.3   0.0   1.0
1927281.0   11712.8   9891.4   0.0   57823.0   0.0   9891.4   0.0   1.0
1997859.0   11656.5   9836.7   0.0   57823.0   0.0   9836.7   0.0   1.0
2068438.0   11598.0   9780.0   0.0   57823.0   0.0   9780.0   0.0   1.0
2139016.0   11537.4   9721.2   0.0   57823.0   0.0   9721.2   0.0   1.0
2209594.0   11474.4   9660.3   0.0   57823.0   0.0   9660.3   0.0   1.0
2280172.0   11409.2   9597.0   0.0   57823.0   0.0   9597.0   0.0   1.0
2350750.0   11341.6   9531.4   0.0   57823.0   0.0   9531.4   0.0   1.0
2421328.0   11271.6   9463.3   0.0   57823.0   0.0   9463.3   0.0   1.0
2491906.0   11199.1   9392.5   0.0   57823.0   0.0   9392.5   0.0   1.0
2562484.0   11124.2   9319.0   0.0   57823.0   0.0   9319.0   0.0   1.0
2633062.0   11046.8   9242.7   0.0   57823.0   0.0   9242.7   0.0   1.0
2703641.0   10966.7   9163.4   0.0   57823.0   0.0   9163.4   0.0   1.0
2774219.0   10884.1   9081.0   0.0   57823.0   0.0   9081.0   0.0   1.0
2844797.0   10798.8   8995.5   0.0   57823.0   0.0   8995.5   0.0   1.0
2915375.0   10710.7   8906.7   0.0   57823.0   0.0   8906.7   0.0   1.0
2985953.0   10619.9   8814.5   0.0   57823.0   0.0   8814.5   0.0   1.0
3056531.0   10526.3   8718.8   0.0   57823.0   0.0   8718.8   0.0   1.0
3127109.0   10429.9   8619.5   0.0   57823.0   0.0   8619.5   0.0   1.0
3197688.0   10330.6   8516.5   0.0   57823.0   0.0   8516.5   0.0   1.0
3268266.0   10228.3   8409.6   0.0   57823.0   0.0   8409.6   0.0   1.0
3338844.0   10123.1   8298.7   0.0   57823.0   0.0   8298.7   0.0   1.0
3409422.0   10014.8   8183.9   0.0   57823.0   0.0   8183.9   0.0   1.0
3480000.0   9903.4   8064.8   0.0   57823.0   0.0   8064.8   0.0   1.0
3480000.0   5566.5   13716.6   7264.6   57823.0   312.0   13716.6   7264.6   1.0
3517500.0   5547.7   13707.5   7265.0   57823.0   312.0   13707.5   7265.0   1.0
3555000.0   5528.9   13698.4   7265.4   57823.0   312.0   13698.4   7265.4   1.0
3592500.0   5510.2   13689.4   7265.7   57823.0   312.0   13689.4   7265.7   1.0
3630000.0   5491.5   13680.4   7266.0   57823.0   312.0   13680.4   7266.0   1.0
3630000.0   5491.5   13680.4   7265.9   57823.0   312.0   13680.4   7265.9   1.0
3666482.0   5473.3   13636.2   7249.2   57823.0   312.0   13636.2   7249.2   1.0
3702963.0   5455.1   13592.4   7232.6   57823.0   312.0   13592.4   7232.6   1.0
3739444.0   5437.0   13549.0   7216.1   57823.0   312.0   13549.0   7216.1   1.0
3775926.0   5418.8   13505.8   7199.7   57823.0   312.0   13505.8   7199.7   1.0
3812407.0   5400.7   13462.9   7183.3   57823.0   312.0   13462.9   7183.3   1.0
3848889.0   5382.5   13420.2   7167.0   57823.0   312.0   13420.2   7167.0   1.0
3885370.0   5364.4   13377.7   7150.7   57823.0   312.0   13377.7   7150.7   1.0
3921852.0   5346.2   13335.5   7134.4   57823.0   312.0   13335.5   7134.4   1.0
3958333.0   5328.0   13293.3   7118.2   57823.0   312.0   13293.3   7118.2   1.0
3994815.0   5309.9   13251.3   7102.0   57823.0   312.0   13251.3   7102.0   1.0
4031296.0   5291.6   13209.4   7085.8   57823.0   312.0   13209.4   7085.8   1.0
4067778.0   5273.4   13167.5   7069.6   57823.0   312.0   13167.5   7069.6   1.0
4104259.0   5255.2   13125.7   7053.3   57823.0   312.0   13125.7   7053.3   1.0
4140741.0   5236.9   13083.8   7037.0   57823.0   312.0   13083.8   7037.0   1.0
4177222.0   5218.6   13042.0   7020.7   57823.0   312.0   13042.0   7020.7   1.0
4213704.0   5200.3   13000.0   7004.3   57823.0   312.0   13000.0   7004.3   1.0
4250185.0   5181.9   12958.0   6987.9   57823.0   312.0   12958.0   6987.9   1.0
4286667.0   5163.5   12915.9   6971.4   57823.0   312.0   12915.9   6971.4   1.0
4323148.0   5145.0   12873.6   6954.8   57823.0   312.0   12873.6   6954.8   1.0
4359630.0   5126.5   12831.1   6938.1   57823.0   312.0   12831.1   6938.1   1.0
4396111.0   5107.9   12788.5   6921.3   57823.0   312.0   12788.5   6921.3   1.0
4432593.0   5089.3   12745.5   6904.4   57823.0   312.0   12745.5   6904.4   1.0
4469074.0   5070.6   12702.4   6887.4   57823.0   312.0   12702.4   6887.4   1.0
4505556.0   5051.9   12658.9   6870.2   57823.0   312.0   12658.9   6870.2   1.0
4542037.0   5033.1   12615.0   6852.9   57823.0   312.0   12615.0   6852.9   1.0
4578518.0   5014.2   12570.9   6835.4   57823.0   312.0   12570.9   6835.4   1.0
4615000.0   4995.2   12526.3   6817.8   57823.0   312.0   12526.3   6817.8   1.0
4651482.0   4976.2   12481.3   6800.0   57823.0   312.0   12481.3   6800.0   1.0
4687963.0   4957.1   12435.9   6782.0   57823.0   312.0   12435.9   6782.0   1.0
4724444.0   4937.9   12389.9   6763.8   57823.0   312.0   12389.9   6763.8   1.0
4760926.0   4918.6   12343.5   6745.4   57823.0   312.0   12343.5   6745.4   1.0
4797407.0   4899.2   12296.5   6726.8   57823.0   312.0   12296.5   6726.8   1.0
4833889.0   4879.8   12249.0   6707.9   57823.0   312.0   12249.0   6707.9   1.0
4870370.0   4860.2   12200.9   6688.8   57823.0   312.0   12200.9   6688.8   1.0
4906852.0   4840.6   12152.1   6669.5   57823.0   312.0   12152.1   6669.5   1.0
4943333.0   4820.8   12102.6   6649.9   57823.0   312.0   12102.6   6649.9   1.0
4979815.0   4800.9   12052.5   6630.0   57823.0   312.0   12052.5   6630.0   1.0
5016296.0   4780.9   12001.7   6609.8   57823.0   312.0   12001.7   6609.8   1.0
5052778.0   4760.8   11950.1   6589.4   57823.0   312.0   11950.1   6589.4   1.0
5089259.0   4740.6   11897.7   6568.6   57823.0   312.0   11897.7   6568.6   1.0
5125741.0   4720.3   11844.5   6547.5   57823.0   312.0   11844.5   6547.5   1.0
5162222.0   4699.8   11790.5   6526.1   57823.0   312.0   11790.5   6526.1   1.0
5198704.0   4679.2   11735.6   6504.4   57823.0   312.0   11735.6   6504.4   1.0
5235185.0   4658.5   11679.8   6482.4   57823.0   312.0   11679.8   6482.4   1.0
5271667.0   4637.6   11623.0   6459.9   57823.0   312.0   11623.0   6459.9   1.0
5308148.0   4616.6   11565.3   6437.1   57823.0   312.0   11565.3   6437.1   1.0
5344630.0   4595.5   11506.6   6414.0   57823.0   312.0   11506.6   6414.0   1.0
5381111.0   4574.2   11446.9   6390.4   57823.0   312.0   11446.9   6390.4   1.0
5417593.0   4552.8   11386.2   6366.5   57823.0   312.0   11386.2   6366.5   1.0
5454074.0   4531.2   11324.4   6342.1   57823.0   312.0   11324.4   6342.1   1.0
5490556.0   4509.4   11261.4   6317.3   57823.0   312.0   11261.4   6317.3   1.0
5527037.0   4487.5   11197.3   6292.1   57823.0   312.0   11197.3   6292.1   1.0
5563518.0   4465.4   11132.0   6266.5   57823.0   312.0   11132.0   6266.5   1.0
5600000.0   4443.2   11065.6   6240.5   57823.0   312.0   11065.6   6240.5   1.0
5633667.0   4422.5   10960.9   6142.0   57823.0   312.0   10960.9   6142.0   1.0
5667333.0   4401.7   10856.1   6043.6   57823.0   312.0   10856.1   6043.6   1.0
5701000.0   3992.1   10266.2   5570.2   57823.0   143.0   10266.2   5570.2   1.0
5771000.0   3975.8   10157.8   5515.9   57823.0   143.0   10157.4   5515.9   1.0
5804333.0   3933.8   9987.2   5418.7   57823.0   143.0   9986.8   5418.7   1.0
5837667.0   3891.8   9816.5   5321.4   57823.0   143.0   9816.1   5321.4   1.0
5871000.0   3849.8   9645.9   5224.2   57823.0   143.0   9645.5   5224.2   1.0
5904333.0   3807.8   9475.2   5127.0   57823.0   143.0   9474.8   5127.0   1.0
5937667.0   3765.8   9304.6   5029.7   57823.0   143.0   9304.2   5029.7   1.0
5971000.0   3543.3   8905.2   4769.9   57823.0   143.0   8905.2   4769.9   1.0
5993500.0   3529.8   8862.0   4754.1   57823.0   143.0   8862.0   4754.1   1.0
6016000.0   3516.4   8818.7   4738.4   57823.0   143.0   8818.7   4738.4   1.0
6038500.0   3503.0   8775.4   4722.6   57823.0   143.0   8775.4   4722.6   1.0
6061000.0   3489.5   8732.1   4706.9   57823.0   143.0   8732.1   4706.9   1.0
6083500.0   3476.1   8688.8   4691.1   57823.0   143.0   8688.8   4691.1   1.0
6106000.0   3462.7   8645.5   4675.4   57823.0   143.0   8645.5   4675.4   1.0
6128500.0   3449.2   8602.2   4659.6   57823.0   143.0   8602.2   4659.6   1.0
6151000.0   3359.5   7800.4   4441.1   57823.0   80.0   8048.6   4436.3   1.0
6179000.0   3362.5   7832.2   4434.6   57823.0   80.0   8068.9   4461.4   1.0
6207000.0   3365.6   7863.9   4428.2   57823.0   80.0   8089.1   4486.5   1.0
6235000.0   3368.6   7895.6   4421.7   57823.0   80.0   8109.4   4511.6   0.9
6263000.0   3371.7   7927.3   5024.6   57823.0   80.0   8129.7   5162.9   0.9
6291000.0   3374.7   7959.1   5017.2   57823.0   600.0   8150.0   5191.5   0.9
6318800.0   3377.7   7990.6   5010.0   57823.0   600.0   8170.2   5219.9   0.9
6346600.0   2900.0   6800.0   4438.2   57823.0   600.0   6800.0   4438.2   1.0
6347000.0   2900.0   6800.0   4438.2   57823.0   600.0   6800.0   4438.2   1.0
6348000.0   2900.0   6800.0   4438.2   57823.0   600.0   6800.0   4438.2   1.0
6349000.0   2900.0   6800.0   4438.2   57823.0   600.0   6800.0   4438.2   1.0
6350000.0   2900.0   6800.0   4438.2   57823.0   600.0   6800.0   4438.2   1.0
6351000.0   2900.0   6800.0   4438.2   57823.0   600.0   6800.0   4438.2   1.0
6352000.0   2900.0   6800.0   4438.2   57823.0   600.0   6800.0   4438.2   1.0
6353000.0   2900.0   6800.0   4438.2   57823.0   600.0   6800.0   4438.2   1.0
6354000.0   2900.0   6800.0   4438.2   57823.0   600.0   6800.0   4438.2   1.0
6355000.0   2900.0   6800.0   4438.2   57823.0   600.0   6800.0   4438.2   1.0
6356000.0   2600.0   5800.0   3641.6   57823.0   600.0   5800.0   3641.6   1.0
6357000.0   2600.0   5800.0   3641.6   57823.0   600.0   5800.0   3641.6   1.0
6358000.0   2600.0   5800.0   3641.6   57823.0   600.0   5800.0   3641.6   1.0
6359000.0   2600.0   5800.0   3641.6   57823.0   600.0   5800.0   3641.6   1.0
6360000.0   2600.0   5800.0   3641.6   57823.0   600.0   5800.0   3641.6   1.0
6361000.0   2600.0   5800.0   3641.6   57823.0   600.0   5800.0   3641.6   1.0
6362000.0   2600.0   5800.0   3641.6   57823.0   600.0   5800.0   3641.6   1.0
6363000.0   2600.0   5800.0   3641.6   57823.0   600.0   5800.0   3641.6   1.0
6364000.0   2600.0   5800.0   3641.6   57823.0   600.0   5800.0   3641.6   1.0
6365000.0   2600.0   5800.0   3641.6   57823.0   600.0   5800.0   3641.6   1.0
6366000.0   2600.0   5800.0   3641.6   57823.0   600.0   5800.0   3641.6   1.0
6367000.0   2600.0   5800.0   3641.6   57823.0   600.0   5800.0   3641.6   1.0
6368000.0   2600.0   5800.0   3641.6   57823.0   600.0   5800.0   3641.6   1.0
6369000.0   2600.0   5800.0   3641.6   57823.0   600.0   5800.0   3641.6   1.0
6370000.0   2600.0   5800.0   3641.6   57823.0   600.0   5800.0   3641.6   1.0
6371000.0   2600.0   5800.0   3641.6   57823.0   600.0   5800.0   3641.6   1.0
