IASP91 with PREM att and rho
1    1.0000   1
203   33   66
0.0   13088.5   11262.2   3667.8   1327.7   84.6   11262.2   3667.8   1.0
38172.0   13088.2   11262.0   3667.6   1327.7   84.6   11262.0   3667.6   1.0
76344.0   13087.2   11261.3   3667.2   1327.7   84.6   11261.3   3667.2   1.0
114516.0   13085.6   11260.1   3666.4   1327.7   84.6   11260.1   3666.4   1.0
152688.0   13083.4   11258.5   3665.2   1327.7   84.6   11258.5   3665.2   1.0
190859.0   13080.6   11256.5   3663.8   1327.7   84.6   11256.5   3663.8   1.0
229031.0   13077.1   11254.0   3662.1   1327.7   84.6   11254.0   3662.1   1.0
267203.0   13073.0   11251.0   3660.0   1327.7   84.6   11251.0   3660.0   1.0
305375.0   13068.2   11247.6   3657.6   1327.7   84.6   11247.6   3657.6   1.0
343547.0   13062.8   11243.7   3654.9   1327.7   84.6   11243.7   3654.9   1.0
381719.0   13056.8   11239.4   3651.8   1327.7   84.6   11239.4   3651.8   1.0
419891.0   13050.1   11234.6   3648.5   1327.7   84.6   11234.6   3648.5   1.0
458062.0   13042.8   11229.3   3644.8   1327.7   84.6   11229.3   3644.8   1.0
496234.0   13034.9   11223.6   3640.8   1327.7   84.6   11223.6   3640.8   1.0
534406.0   13026.3   11217.4   3636.5   1327.7   84.6   11217.4   3636.5   1.0
572578.0   13017.1   11210.8   3631.9   1327.7   84.6   11210.8   3631.9   1.0
610750.0   13007.3   11203.7   3626.9   1327.7   84.6   11203.7   3626.9   1.0
648922.0   12996.8   11196.2   3621.7   1327.7   84.6   11196.2   3621.7   1.0
687094.0   12985.7   11188.2   3616.1   1327.7   84.6   11188.2   3616.1   1.0
725266.0   12974.0   11179.7   3610.2   1327.7   84.6   11179.7   3610.2   1.0
763438.0   12961.6   11170.8   3603.9   1327.7   84.6   11170.8   3603.9   1.0
801609.0   12948.6   11161.5   3597.4   1327.7   84.6   11161.5   3597.4   1.0
839781.0   12934.9   11151.6   3590.5   1327.7   84.6   11151.6   3590.5   1.0
877953.0   12920.7   11141.4   3583.3   1327.7   84.6   11141.4   3583.3   1.0
916125.0   12905.8   11130.6   3575.8   1327.7   84.6   11130.6   3575.8   1.0
954297.0   12890.2   11119.4   3568.0   1327.7   84.6   11119.4   3568.0   1.0
992469.0   12874.0   11107.8   3559.9   1327.7   84.6   11107.8   3559.9   1.0
1030641.0   12857.2   11095.7   3551.4   1327.7   84.6   11095.7   3551.4   1.0
1068812.0   12839.8   11083.1   3542.6   1327.7   84.6   11083.1   3542.6   1.0
1106984.0   12821.7   11070.1   3533.5   1327.7   84.6   11070.1   3533.5   1.0
1145156.0   12803.0   11056.6   3524.1   1327.7   84.6   11056.6   3524.1   1.0
1183328.0   12783.6   11042.6   3514.4   1327.7   84.6   11042.6   3514.4   1.0
1221500.0   12763.6   11028.3   3504.3   1327.7   84.6   11028.3   3504.3   1.0
1221500.0   12166.3   10355.7   0.0   57823.0   0.0   10355.7   0.0   1.0
1292078.0   12129.3   10314.4   0.0   57823.0   0.0   10314.4   0.0   1.0
1362656.0   12090.5   10272.3   0.0   57823.0   0.0   10272.3   0.0   1.0
1433234.0   12049.9   10229.2   0.0   57823.0   0.0   10229.2   0.0   1.0
1503812.0   12007.5   10185.0   0.0   57823.0   0.0   10185.0   0.0   1.0
1574391.0   11963.3   10139.7   0.0   57823.0   0.0   10139.7   0.0   1.0
1644969.0   11917.2   10093.1   0.0   57823.0   0.0   10093.1   0.0   1.0
1715547.0   11869.1   10045.0   0.0   57823.0   0.0   10045.0   0.0   1.0
1786125.0   11819.1   9995.5   0.0   57823.0   0.0   9995.5   0.0   1.0
1856703.0   11767.0   9944.3   0.0   57823.0   0.0   9944.3   0.0   1.0
1927281.0   11712.8   9891.4   0.0   57823.0   0.0   9891.4   0.0   1.0
1997859.0   11656.5   9836.7   0.0   57823.0   0.0   9836.7   0.0   1.0
2068438.0   11598.0   9780.0   0.0   57823.0   0.0   9780.0   0.0   1.0
2139016.0   11537.4   9721.2   0.0   57823.0   0.0   9721.2   0.0   1.0
2209594.0   11474.4   9660.3   0.0   57823.0   0.0   9660.3   0.0   1.0
2280172.0   11409.2   9597.0   0.0   57823.0   0.0   9597.0   0.0   1.0
2350750.0   11341.6   9531.4   0.0   57823.0   0.0   9531.4   0.0   1.0
2421328.0   11271.6   9463.3   0.0   57823.0   0.0   9463.3   0.0   1.0
2491906.0   11199.1   9392.5   0.0   57823.0   0.0   9392.5   0.0   1.0
2562484.0   11124.2   9319.0   0.0   57823.0   0.0   9319.0   0.0   1.0
2633062.0   11046.8   9242.7   0.0   57823.0   0.0   9242.7   0.0   1.0
2703641.0   10966.7   9163.4   0.0   57823.0   0.0   9163.4   0.0   1.0
2774219.0   10884.1   9081.0   0.0   57823.0   0.0   9081.0   0.0   1.0
2844797.0   10798.8   8995.5   0.0   57823.0   0.0   8995.5   0.0   1.0
2915375.0   10710.7   8906.7   0.0   57823.0   0.0   8906.7   0.0   1.0
2985953.0   10619.9   8814.5   0.0   57823.0   0.0   8814.5   0.0   1.0
3056531.0   10526.3   8718.8   0.0   57823.0   0.0   8718.8   0.0   1.0
3127109.0   10429.9   8619.5   0.0   57823.0   0.0   8619.5   0.0   1.0
3197688.0   10330.6   8516.5   0.0   57823.0   0.0   8516.5   0.0   1.0
3268266.0   10228.3   8409.6   0.0   57823.0   0.0   8409.6   0.0   1.0
3338844.0   10123.1   8298.7   0.0   57823.0   0.0   8298.7   0.0   1.0
3409422.0   10014.8   8183.9   0.0   57823.0   0.0   8183.9   0.0   1.0
3480000.0   9903.4   8064.8   0.0   57823.0   0.0   8064.8   0.0   1.0
3480000.0   5566.5   13690.8   7301.5   57823.0   312.0   13690.8   7301.5   1.0
3521000.0   5545.9   13681.8   7291.8   57823.0   312.0   13681.8   7291.8   1.0
3571000.0   5520.9   13670.3   7279.4   57823.0   312.0   13670.3   7279.4   1.0
3621000.0   5496.0   13658.7   7267.0   57823.0   312.0   13658.7   7267.0   1.0
3631000.0   5491.0   13656.4   7264.5   57823.0   312.0   13656.4   7264.5   1.0
3631000.0   5491.0   13656.4   7264.5   57823.0   312.0   13656.4   7264.5   1.0
3671000.0   5471.0   13607.6   7244.5   57823.0   312.0   13607.6   7244.5   1.0
3871000.0   5371.5   13369.7   7148.4   57823.0   312.0   13369.7   7148.4   1.0
4371000.0   5120.7   12794.4   6921.0   57823.0   312.0   12794.4   6921.0   1.0
4871000.0   4859.9   12184.9   6679.6   57823.0   312.0   12184.9   6679.6   1.0
4971000.0   4805.7   12052.1   6626.0   57823.0   312.0   12052.1   6626.0   1.0
5071000.0   4750.7   11914.2   6570.0   57823.0   312.0   11914.2   6570.0   1.0
5171000.0   4694.8   11770.7   6511.0   57823.0   312.0   11770.7   6511.0   1.0
5271000.0   4638.0   11620.8   6448.9   57823.0   312.0   11620.8   6448.9   1.0
5371000.0   4580.1   11464.0   6383.3   57823.0   312.0   11464.0   6383.3   1.0
5471000.0   4521.1   11299.7   6313.8   57823.0   312.0   11299.7   6313.8   1.0
5571000.0   4460.9   11127.2   6240.2   57823.0   312.0   11127.2   6240.2   1.0
5581000.0   4454.8   11109.5   6232.6   57823.0   312.0   11109.5   6232.6   1.0
5591000.0   4448.7   11091.7   6224.9   57823.0   312.0   11091.7   6224.9   1.0
5601000.0   4442.6   11073.8   6217.2   57823.0   312.0   11073.8   6217.2   1.0
5611000.0   4436.4   11055.8   6209.5   57823.0   312.0   11055.8   6209.5   1.0
5611000.0   4436.4   11055.8   6209.5   57823.0   312.0   11055.8   6209.5   1.0
5621000.0   4430.3   11029.2   6183.5   57823.0   312.0   11029.2   6183.5   1.0
5631000.0   4424.2   11002.6   6157.6   57823.0   312.0   11002.6   6157.6   1.0
5641000.0   4418.0   10976.1   6131.6   57823.0   312.0   10976.1   6131.6   1.0
5651000.0   4411.8   10949.5   6105.7   57823.0   312.0   10949.5   6105.7   1.0
5661000.0   4405.6   10922.9   6079.7   57823.0   312.0   10922.9   6079.7   1.0
5671000.0   4399.4   10896.3   6053.8   57823.0   312.0   10896.3   6053.8   1.0
5681000.0   4393.2   10869.7   6027.8   57823.0   312.0   10869.7   6027.8   1.0
5691000.0   4387.0   10843.2   6001.9   57823.0   312.0   10843.2   6001.9   1.0
5701000.0   3992.1   10816.6   5975.9   57823.0   312.0   10816.6   5975.9   1.0
5711000.0   3989.8   10790.0   5950.0   57823.0   143.0   10790.0   5950.0   1.0
5711000.0   3989.8   10200.0   5600.0   57823.0   143.0   10200.0   5600.0   1.0
5721000.0   3987.5   10166.4   5578.8   57823.0   143.0   10166.4   5578.8   1.0
5731000.0   3985.1   10132.8   5557.6   57823.0   143.0   10132.8   5557.6   1.0
5741000.0   3982.8   10099.2   5536.4   57823.0   143.0   10099.2   5536.4   1.0
5751000.0   3980.5   10065.6   5515.2   57823.0   143.0   10065.6   5515.2   1.0
5761000.0   3978.1   10032.0   5494.0   57823.0   143.0   10032.0   5494.0   1.0
5771000.0   3975.8   9998.4   5472.8   57823.0   143.0   9998.4   5472.8   1.0
5781000.0   3963.2   9964.8   5451.6   57823.0   143.0   9964.8   5451.6   1.0
5791000.0   3950.6   9931.2   5430.4   57823.0   143.0   9931.2   5430.4   1.0
5801000.0   3938.0   9897.6   5409.2   57823.0   143.0   9897.6   5409.2   1.0
5811000.0   3925.4   9864.0   5388.0   57823.0   143.0   9864.0   5388.0   1.0
5821000.0   3912.8   9830.4   5366.8   57823.0   143.0   9830.4   5366.8   1.0
5831000.0   3900.2   9796.8   5345.6   57823.0   143.0   9796.8   5345.6   1.0
5841000.0   3887.6   9763.2   5324.4   57823.0   143.0   9763.2   5324.4   1.0
5851000.0   3875.0   9729.6   5303.2   57823.0   143.0   9729.6   5303.2   1.0
5861000.0   3862.4   9696.0   5282.0   57823.0   143.0   9696.0   5282.0   1.0
5871000.0   3849.8   9662.4   5260.8   57823.0   143.0   9662.4   5260.8   1.0
5881000.0   3837.2   9628.8   5239.6   57823.0   143.0   9628.8   5239.6   1.0
5891000.0   3824.6   9595.2   5218.4   57823.0   143.0   9595.2   5218.4   1.0
5901000.0   3812.0   9561.6   5197.2   57823.0   143.0   9561.6   5197.2   1.0
5911000.0   3799.4   9528.0   5176.0   57823.0   143.0   9528.0   5176.0   1.0
5921000.0   3786.8   9494.4   5154.8   57823.0   143.0   9494.4   5154.8   1.0
5931000.0   3774.2   9460.8   5133.6   57823.0   143.0   9460.8   5133.6   1.0
5941000.0   3761.6   9427.2   5112.4   57823.0   143.0   9427.2   5112.4   1.0
5951000.0   3749.0   9393.6   5091.2   57823.0   143.0   9393.6   5091.2   1.0
5961000.0   3736.4   9360.0   5070.0   57823.0   143.0   9360.0   5070.0   1.0
5961000.0   3736.4   9030.0   4870.0   57823.0   143.0   9030.0   4870.0   1.0
5971000.0   3543.3   8993.5   4852.6   57823.0   143.0   8993.5   4852.6   1.0
5981000.0   3537.3   8957.0   4835.2   57823.0   143.0   8957.0   4835.2   1.0
5991000.0   3531.3   8920.5   4817.8   57823.0   143.0   8920.5   4817.8   1.0
6001000.0   3525.3   8884.0   4800.4   57823.0   143.0   8884.0   4800.4   1.0
6011000.0   3519.4   8847.5   4783.0   57823.0   143.0   8847.5   4783.0   1.0
6021000.0   3513.4   8811.0   4765.6   57823.0   143.0   8811.0   4765.6   1.0
6031000.0   3507.4   8774.5   4748.2   57823.0   143.0   8774.5   4748.2   1.0
6041000.0   3501.5   8738.0   4730.8   57823.0   143.0   8738.0   4730.8   1.0
6051000.0   3495.5   8701.5   4713.4   57823.0   143.0   8701.5   4713.4   1.0
6061000.0   3489.5   8665.0   4696.0   57823.0   143.0   8665.0   4696.0   1.0
6071000.0   3483.5   8628.5   4678.6   57823.0   143.0   8628.5   4678.6   1.0
6081000.0   3477.6   8592.0   4661.2   57823.0   143.0   8592.0   4661.2   1.0
6091000.0   3471.6   8555.5   4643.8   57823.0   143.0   8555.5   4643.8   1.0
6101000.0   3465.6   8519.0   4626.4   57823.0   143.0   8519.0   4626.4   1.0
6111000.0   3459.7   8482.5   4609.0   57823.0   143.0   8482.5   4609.0   1.0
6121000.0   3453.7   8446.0   4591.6   57823.0   143.0   8446.0   4591.6   1.0
6131000.0   3447.7   8409.5   4574.2   57823.0   143.0   8409.5   4574.2   1.0
6141000.0   3441.7   8373.0   4556.8   57823.0   143.0   8373.0   4556.8   1.0
6151000.0   3359.5   8336.5   4539.4   57823.0   143.0   8336.5   4539.4   1.0
6161000.0   3360.6   8300.0   4522.0   57823.0   80.0   8300.0   4522.0   1.0
6161000.0   3360.6   8300.0   4518.0   57823.0   80.0   8300.0   4518.0   1.0
6171000.0   3361.7   8272.2   4516.0   57823.0   80.0   8272.2   4516.0   1.0
6181000.0   3362.7   8244.4   4514.0   57823.0   80.0   8244.4   4514.0   1.0
6191000.0   3363.8   8216.7   4512.0   57823.0   80.0   8216.7   4512.0   1.0
6201000.0   3364.9   8188.9   4510.0   57823.0   80.0   8188.9   4510.0   1.0
6211000.0   3366.0   8161.1   4508.0   57823.0   80.0   8161.1   4508.0   1.0
6221000.0   3367.1   8133.3   4506.0   57823.0   80.0   8133.3   4506.0   0.9
6231000.0   3368.2   8105.6   4504.0   57823.0   80.0   8105.6   4504.0   0.9
6241000.0   3369.3   8077.8   4502.0   57823.0   80.0   8077.8   4502.0   0.9
6251000.0   3370.4   8050.0   4500.0   57823.0   80.0   8050.0   4500.0   0.9
6251000.0   3370.4   8050.0   4500.0   57823.0   80.0   8050.0   4500.0   0.9
6261000.0   3371.4   8048.8   4496.5   57823.0   80.0   8048.8   4496.5   0.9
6271000.0   3372.5   8047.6   4492.9   57823.0   80.0   8047.6   4492.9   0.9
6281000.0   3373.6   8046.5   4489.4   57823.0   80.0   8046.5   4489.4   0.9
6291000.0   3374.7   8045.3   4485.9   57823.0   80.0   8045.3   4485.9   0.9
6301000.0   3375.8   8044.1   4482.4   57823.0   600.0   8044.1   4482.4   0.9
6311000.0   3376.9   8042.9   4478.8   57823.0   600.0   8042.9   4478.8   0.9
6321000.0   3378.0   8041.8   4475.3   57823.0   600.0   8041.8   4475.3   0.9
6326000.0   3378.5   8041.2   4473.5   57823.0   600.0   8041.2   4473.5   0.9
6331000.0   3379.1   8040.6   4471.8   57823.0   600.0   8040.6   4471.8   0.9
6336000.0   3379.6   8040.0   4470.0   57823.0   600.0   8040.0   4470.0   0.9
6336000.0   3379.6   6500.0   3750.0   57823.0   600.0   6500.0   3750.0   0.9
6337000.0   3379.7   6500.0   3750.0   57823.0   600.0   6500.0   3750.0   0.9
6338000.0   3379.8   6500.0   3750.0   57823.0   600.0   6500.0   3750.0   0.9
6339000.0   3379.9   6500.0   3750.0   57823.0   600.0   6500.0   3750.0   0.9
6340000.0   3380.0   6500.0   3750.0   57823.0   600.0   6500.0   3750.0   0.9
6341000.0   3380.1   6500.0   3750.0   57823.0   600.0   6500.0   3750.0   0.9
6342000.0   3380.3   6500.0   3750.0   57823.0   600.0   6500.0   3750.0   0.9
6343000.0   3380.4   6500.0   3750.0   57823.0   600.0   6500.0   3750.0   0.9
6344000.0   3380.5   6500.0   3750.0   57823.0   600.0   6500.0   3750.0   0.9
6345000.0   3380.6   6500.0   3750.0   57823.0   600.0   6500.0   3750.0   0.9
6346000.0   3380.7   6500.0   3750.0   57823.0   600.0   6500.0   3750.0   0.9
6347000.0   2900.0   6500.0   3750.0   57823.0   600.0   6500.0   3750.0   1.0
6348000.0   2900.0   6500.0   3750.0   57823.0   600.0   6500.0   3750.0   1.0
6349000.0   2900.0   6500.0   3750.0   57823.0   600.0   6500.0   3750.0   1.0
6350000.0   2900.0   6500.0   3750.0   57823.0   600.0   6500.0   3750.0   1.0
6351000.0   2900.0   6500.0   3750.0   57823.0   600.0   6500.0   3750.0   1.0
6351000.0   2900.0   5800.0   3360.0   57823.0   600.0   5800.0   3360.0   1.0
6352000.0   2900.0   5800.0   3360.0   57823.0   600.0   5800.0   3360.0   1.0
6353000.0   2900.0   5800.0   3360.0   57823.0   600.0   5800.0   3360.0   1.0
6354000.0   2900.0   5800.0   3360.0   57823.0   600.0   5800.0   3360.0   1.0
6355000.0   2900.0   5800.0   3360.0   57823.0   600.0   5800.0   3360.0   1.0
6356000.0   2600.0   5800.0   3360.0   57823.0   600.0   5800.0   3360.0   1.0
6357000.0   2600.0   5800.0   3360.0   57823.0   600.0   5800.0   3360.0   1.0
6358000.0   2600.0   5800.0   3360.0   57823.0   600.0   5800.0   3360.0   1.0
6359000.0   2600.0   5800.0   3360.0   57823.0   600.0   5800.0   3360.0   1.0
6360000.0   2600.0   5800.0   3360.0   57823.0   600.0   5800.0   3360.0   1.0
6361000.0   2600.0   5800.0   3360.0   57823.0   600.0   5800.0   3360.0   1.0
6362000.0   2600.0   5800.0   3360.0   57823.0   600.0   5800.0   3360.0   1.0
6363000.0   2600.0   5800.0   3360.0   57823.0   600.0   5800.0   3360.0   1.0
6364000.0   2600.0   5800.0   3360.0   57823.0   600.0   5800.0   3360.0   1.0
6365000.0   2600.0   5800.0   3360.0   57823.0   600.0   5800.0   3360.0   1.0
6366000.0   2600.0   5800.0   3360.0   57823.0   600.0   5800.0   3360.0   1.0
6367000.0   2600.0   5800.0   3360.0   57823.0   600.0   5800.0   3360.0   1.0
6368000.0   2600.0   5800.0   3360.0   57823.0   600.0   5800.0   3360.0   1.0
6369000.0   2600.0   5800.0   3360.0   57823.0   600.0   5800.0   3360.0   1.0
6370000.0   2600.0   5800.0   3360.0   57823.0   600.0   5800.0   3360.0   1.0
6371000.0   2600.0   5800.0   3360.0   57823.0   600.0   5800.0   3360.0   1.0
